经典
9787506365437
9787020042494
9787020002207
9787544253994
9787020024759
9787020049295
9787806570920
9787208061644
9787229042066
9787020096695
9787020028115
散文
9787806398791
9787108018809
9787108032911
9789573305545
9787020028313
9787531324362
9787201088945
9787500627098
9787539921969
9787530208922
9787806859988
随笔
9787549529322
9787542666468
9787539921969
9787549535644
9787500652045
9787531719199
9787541155437
9787544717731
9787550294578
9787535766779
小说
9787506365437
9787544258609
9787559614636
9787544270878
9787020002207
9787208061644
9787544253994
9787020042494
9787020024759
9787020049295
9787544258975
9787544241694
诗歌
9787806992197
9787219109304
9787200065039
9787020026456
9787559446824
9787544270779
9787533958916
9787532755059
9787563377947
9787540457228
杂文
9787516815694
9787559623096
9787563351398
9787020058358
9787549543519
9787544264839
9787550316867
9787300065397
9787020065639
9787530214657
9787530217467
古典文学
9787020002207
9787101055207
9787532524808
9787020107407
9787806263969
9787101083149
9787559636676
9787532544400
9787542666635
9787532527250
9787541114748
9787020021635
当代文学
9787530209936
9787530201244
9787500831112
9787536025080
9787535427304
9787506342490
9787506398114
9787532127221
9787506320511
9787200019865
9787106020750
9787539921624
童话
9787532733415
9787020096695
9787805676104
9787801871527
9787559631220
9787533941611
9787567574687
9787507422313
9787533282431
9787806397169
历史
9787549204007
9787534833533
9787101051469
9787530675816
9787511213273
9787539999074
9787501190409
9787543231016
9787540478315
9787513903509
9787509759233
心理学
9787505746886
9787550238909
9787559608208
9787501950423
9787111328360
9787530219782
9787508612799
9787521711004
9787508638010
9787210086741
9787504139863
哲学
9787544779012
9787210071976
9787101055207
9787559632432
9787302498872
9787532741663
9787805677316
9787508609522
9787544703994
9787101083149
9787544722278
社会学
9787521710236
9787510842252
9787549555291
9787532782833
9787544780223
9787508638119
9787309063660
9787547012123
9787521704693
9787301174814
9787300113388
9787549506200
传记
9787544753883
9787549592135
9787508638393
9787549620340
9787549599226
9787550214224
9787532171989
9787511378682
9787559807656
9787020141081
9787539983073
9787544749107
9789900187813
艺术
9787208133211
9787513927901
9787556820825
9787535678096
9787520137362
9787514220001
9787535681997
9787549573196
9787301231838
9787508643939
9787549573110
9787532228706
9787562476313
建筑
9787108023896
9789867019349
9787544700603
9787532742080
9787209054690
9787561841846
9787535687432
9787553510286
9787559817150
9787010056241
9787122296283
电影
9789573243441
9787313103604
9787563376438
9787208063907
9787563339358
9787220108099
9787540494551
9787513318525
9787100106092
9787201126821
9787535671660
数学
9787100051521
9787500786573
9787030330642
9787511704443
9787040238969
9787040288865
9787115449597
9787121355332
9787300088907
9787508686882
9787506292276
9787549525614


爱情
9787540471194
9787108017444
9788781074519
9787530214787
9787540455590
9787210082835
9787549630479
9787501950423
9787532738151
9787550019157
9787802288621
成长
9787544716888
9787547735145
9787121320309
9787535481108
9787544276986
9787553411217
9787540468798
9787020126767
9787508643946
9787549827404
9787541155437
摄影
9787540490744
9787806869086
9787540493677
9787115218506
9787532775774
9787549558575
9787806867044
9787563345137
9787549557790
9787550287631
9787508660363
旅行
9787807027157
9787532749386
9787108021564
9787508691176
9787108044297
9787550267299
9787506324298
9787532764303
9787108020987
9787308118385
9787547512487
励志
9787540492243
9787229085001
9787530211564
9787544731799
9787544743853
9787559615152
9787530209554
9787210079026
9787505735361
9787550010864
9787561345948
美食
9787508684833
9787807137061
9787531745266
9787559604101
9787567593459
9787508625119
9787108029218
9787550022997
9787301285688
9787559434753
9787302545996
健康
9787111634256
9787302451488
9787500093688
9787539627755
9787530496879
9787508651767
9787547803653
9787121374135
9787515808161
9787559603623
9787530475218
情感
9787220105203
9787535444875
9787521203431
9787540476007
9787510708763
9787511341013
9787549627523
9787510859786
9787506360135
9787515820989
9787535449467
家居
9787503942983
9787549559947
9787810364904
9787544267571
9787209053211
9787513302302
9787209086554
9787540484521
9787534940798
9787553743455
9787300095332
经济学
9787556107391
9787508653914
9787300117850
9787010041155
9787543227651
9787543223714
9787300129266
9787301256909
9787300266800
9787300173429
9787564232610
9787511709332
管理
9787111592105
9787300157955
9787111280712
9787543213906
9787208064614
9787506042185
9787501163892
9787515326399
9787111171829
9787508607719
9787111188469
9787111623687
经济
9787208138636
9787213021510
9787300196237
9787520344029
9787111628330
9787121139512
9787800733666
9787508698472
9787220102912
9787111200505
9787532751013
9787111240792
商业
9787220105883
9787111645351
9787500595786
9787208095328
9787111588702
9787550278011
9787100070744
9787560982489
9787213031830
9787508649474
9787508680804
9787508695303
金融
9787521704600
9787513636124
9787111367512
9787508605586
9787508644097
9787513654609
9787501780044
9787111623687
9787508673196
9787300258232
9787508625812
9787502836894
投资
9787115468154
9787508610078
9787111302469
9787508622927
9787545401585
9781501158148
9787111572534
9787111423393
9787511284419
9789867645531
9787115253699
9787300043395
营销
9787229004262
9787508686523
9787508626482
9787203063032
9787111630135
9787111194743
9787501217892
9789579613590
9787111327165
9787515822075
9787508662961
9787111120025
策划
9787111284017
9787811271072
9787563713561
9787563719921
9787300078977
9787565405662
9787806774397
9787802258921
9787534414800
9787508035659
9780240806822
9787508437798
广告
9787111576433
9787535615800
9787115149022
9787111631125
9787553515502
9787807064619
9787508674070
9787521300420
9780500287385
9787121052026
9787300071688
9787508030883
理财
9787559637345
9787308187329
9787111284055
9787308181679
9787915001391
9787111442585
9787115253699
9787300117874
9787508663845
9787113203337
9787802591820
9787111226604
科普
9787111612100
9787557674601
9787535795489
9787100176842
9787542654434
9787302541868
9787542867438
9787505747012
9787559621320
9787508682426
9787535737229
9787201157207
互联网
9787308164207
9787508653594
9787508695761
9787508663814
9787213052545
9787111643401
9787300272153
9787555022138
9787115441249
9787505738751
9787115351531
9787111564805
编程
9787115428028
9787121022982
9787121106101
9787111213826
9787115179289
9787115171801
9787115367174
9787121301995
9787121060748
9787115328670
9787115361530
9787111370048
交互
9787121266133
9787115243249
9787111348665
9787111184829
9787111396789
9787121070174
9787121021626
9787302450535
9787115331618
9787121360657
9787115441881
9787121257063
算法
9787115447630
9787115293800
9787111187776
9787121361975
9787115495242
9787508686882
9787111540090
9787302207276
9787508692067
9787115459572
9787508668673
9787893881985
通信
9787121280689
9787115509901
9787111220404
9787111624745
9787302483861
9787115331809
9787563511747
9787115221254
9787115161543
9787111634300
9787121015052
9787505379367
程序
9787115350541
9787302119241
9787564129668
9787811235395
9787040171334
9781593276713
9787512322233
9787121026577