9789579613590
9787111327165
9787515822075
9787508662961
9787111120025
策划
9787111284017
9787811271072
9787563713561
9787563719921
9787300078977
9787565405662
9787806774397
9787802258921
9787534414800
9787508035659
9780240806822
9787508437798
广告
9787111576433
9787535615800
9787115149022
9787111631125
9787553515502
9787807064619
9787508674070
9787521300420
9780500287385
9787121052026
9787300071688
9787508030883
理财
9787559637345
9787308187329
9787111284055
9787308181679
9787915001391
9787111442585
9787115253699
9787300117874
9787508663845
9787113203337
9787802591820
9787111226604
科普
9787111612100
9787557674601
9787535795489
9787100176842
9787542654434
9787302541868
9787542867438
9787505747012
9787559621320
9787508682426
9787535737229
9787201157207
互联网
9787308164207
9787508653594
9787508695761
9787508663814
9787213052545
9787111643401
9787300272153
9787555022138
9787115441249
9787505738751
9787115351531
9787111564805
编程
9787115428028
9787121022982
9787121106101
9787111213826
9787115179289
9787115171801
9787115367174
9787121301995
9787121060748
9787115328670
9787115361530
9787111370048
交互
9787121266133
9787115243249
9787111348665
9787111184829
9787111396789
9787121070174
9787121021626
9787302450535
9787115331618
9787121360657
9787115441881
9787121257063
算法
9787115447630
9787115293800
9787111187776
9787121361975
9787115495242
9787508686882
9787111540090
9787302207276
9787508692067
9787115459572
9787508668673
9787893881985
通信
9787121280689
9787115509901
9787111220404
9787111624745
9787302483861
9787115331809
9787563511747
9787115221254
9787115161543
9787111634300
9787121015052
9787505379367
程序
9787115350541
9787302119241
9787564129668
9787811235395
9787040171334
9781593276713
9787512322233
9787121026577